layout_spectrum: 0.4665029
typography_spectrum: 0.530466
color:
  saturation: 0.8924731
  brandStrength: 0.9904645
  lightness: 0.6021506
  rhythmicContrast: 0.6827957
name: NC MOVE
